16.5670 2.3443 24.5782
17.7175 5.2743 26.3584
18.1137 4.4412 27.5889
17.0438 1.3157 25.6481
17.6791 3.7698 29.0443
16.6970 0.4324 26.9909
16.5472 3.4597 30.3375
15.6119 -0.0496 28.2508
15.0014 3.5796 31.1216
14.0820 0.0058 29.0927
13.4871 4.1337 31.1926
12.5267 0.5918 29.2922
12.4366 4.9664 30.5280
11.3964 1.5570 28.7945
12.1073 5.8323 29.3024
10.9571 2.6232 27.7305
12.5627 6.4980 27.8446
11.3580 3.5062 26.3838
13.6718 6.7720 26.5436
12.4327 3.9459 25.1150
15.1572 6.6189 25.7543
13.9003 3.8551 24.2689
16.6419 6.0690 25.6860
15.4130 3.2794 24.0742
18.9661 8.7039 27.6315
19.3095 8.1456 28.9936
18.8352 7.7382 30.5320
17.6817 7.5925 31.8337
16.1351 7.7666 32.5567
14.6887 8.2284 32.5065
13.6761 8.8323 31.6954
13.3884 9.4331 30.3411
13.8699 9.8335 28.8012
14.9909 9.9337 27.4897
16.4587 9.7317 26.7630
17.9178 9.2822 26.8146
20.3667 12.6785 28.1948
20.7357 12.4695 29.6251
20.2991 12.3735 31.1952
19.1584 12.4129 32.4842
17.6688 12.5999 33.1491
16.2171 12.8915 33.0153
15.2148 13.2058 32.1167
14.8931 13.4600 30.6944
15.3201 13.5473 29.1236
16.3994 13.4646 27.8275
17.8419 13.2458 27.1563
19.3016 12.9622 27.2909
21.9597 17.2087 27.8127
22.4479 17.4288 29.2234
22.1199 17.6706 30.7577
21.0836 17.8584 32.0017
19.6344 18.0142 32.6301
18.1778 18.0959 32.4751
17.0665 18.0647 31.5785
16.6265 17.9149 30.1760
16.9352 17.6673 28.6415
17.9180 17.4017 27.3882
19.3341 17.1981 26.7528
20.8127 17.1262 26.9084
23.7401 22.2263 26.2437
24.4189 22.8642 27.5429
24.2896 23.4307 28.9715
23.4191 23.7690 30.1457
22.0165 23.8582 30.7606
20.4962 23.7025 30.6533
19.2432 23.3110 29.8506
18.5817 22.7709 28.5645
18.6851 22.2004 27.1358
19.5423 21.7572 25.9473
20.9252 21.5963 25.3236
22.4581 21.7491 25.4298
25.5183 27.4613 23.2711
26.4483 28.4423 24.3865
26.5654 29.2913 25.6613
25.8647 29.7777 26.7532
24.5384 29.8369 27.3797
22.9404 29.4917 27.3788
21.5076 28.7845 26.7429
20.5824 27.8854 25.6403
20.4729 27.0328 24.3648
21.1514 26.4571 23.2597
22.4907 26.3179 22.6205
24.0835 26.6719 22.6226
26.9843 32.6114 18.7845
28.1438 33.8356 19.6765
28.5146 34.8959 20.7730
28.0334 35.5260 21.7819
26.7594 35.5948 22.4431
25.0965 35.0919 22.5778
23.4616 34.1310 22.1470
22.3065 32.9647 21.2653
21.9294 31.8925 20.1676
22.4709 31.1977 19.1461
23.7053 31.0810 18.4787
25.3740 31.5942 18.3447
27.7093 37.2167 12.8459
29.0916 38.6121 13.5019
29.8279 39.8392 14.4163
29.6480 40.5921 15.3491
28.5241 40.6697 16.0517
26.7433 40.0700 16.3385
24.8076 38.9420 16.1305
23.3243 37.5832 15.4812
22.7064 36.3373 14.5616
23.0713 35.5520 13.6212
24.2410 35.4384 12.9135
25.9259 36.0444 12.6295
27.5012 40.8116 5.7391
29.1651 42.3261 6.1626
30.1999 43.6826 6.9007
30.1753 44.5121 7.7602
29.1179 44.6177 8.5131
27.3531 43.9877 8.9580
25.2697 42.7729 8.9748
23.5049 41.3028 8.5581
22.5802 39.9427 7.8145
22.7006 39.0692 6.9471
23.7496 38.9268 6.1917
25.5157 39.5630 5.7493
25.3871 43.1437 -2.0186
27.0095 44.6986 -1.8202
27.8965 46.1194 -1.2447
27.8596 47.0389 -0.4445
26.8637 47.2165 0.3688
25.2406 46.6136 0.9750
23.3370 45.3957 1.2149
21.6936 43.8698 1.0190
20.7163 42.4347 0.4402
20.7897 41.4836 -0.3666
21.8052 41.2774 -1.1824
23.4667 41.8821 -1.7861
21.1026 44.2865 -9.7606
22.4970 45.8410 -9.7798
23.1770 47.3113 -9.3573
22.9490 48.3071 -8.6032
21.9837 48.5714 -7.7209
20.5187 48.0419 -6.9440
18.9222 46.8499 -6.4847
17.5333 45.3111 -6.4642
16.7572 43.8306 -6.8904
16.8524 42.8101 -7.6479
17.8032 42.5267 -8.5324
19.3712 43.0700 -9.3047
15.4062 44.5227 -16.8316
16.5598 46.0661 -17.0649
17.0298 47.5673 -16.7881
16.7203 48.6276 -16.0735
15.7731 48.9704 -15.1115
14.4644 48.5042 -14.1601
13.0897 47.3476 -13.4753
11.9234 45.8063 -13.2409
11.3865 44.2998 -13.5239
11.5549 43.2270 -14.2427
12.4701 42.8808 -15.2046
13.8884 43.3565 -16.1516
9.0845 44.0448 -22.7338
10.0733 45.5788 -23.1760
10.4090 47.0902 -23.0368
10.0027 48.1906 -22.3501
9.0845 48.5805 -21.3013
7.9323 48.1481 -20.1727
6.7340 47.0234 -19.2650
5.8418 45.4951 -18.8262
5.3995 43.9740 -18.9704
5.6182 42.8713 -19.6588
6.4796 42.4841 -20.7057
7.7765 42.9182 -21.8310
2.6155 42.8881 -27.2045
3.3908 44.3904 -27.8370
3.6144 45.8972 -27.8191
3.2321 46.9986 -27.1534
2.3662 47.4092 -26.0160
1.3208 47.0039 -24.7154
0.3493 45.9130 -23.6006
-0.3526 44.4234 -22.9707
-0.6469 42.9246 -22.9929
-0.3636 41.8275 -23.6613
0.3809 41.4138 -24.7943
1.5002 41.8017 -26.0912
-3.9163 41.0588 -30.2027
-3.3621 42.4832 -30.9875
-3.2844 43.9252 -31.0599
-3.6416 45.0044 -30.3995
-4.3801 45.4142 -29.1824
-5.2021 45.0765 -27.7358
-5.9221 44.0693 -26.4493
-6.3830 42.6611 -25.6678
-6.4927 41.2367 -25.5979
-6.2144 40.1603 -26.2589
-5.6235 39.7349 -27.4718
-4.7669 40.0547 -28.9156
-10.4117 38.6339 -31.8445
-10.1748 39.8992 -32.7143
-10.2576 41.2362 -32.8268
-10.6174 42.2616 -32.1524
-11.1264 42.7081 -30.8720
-11.6669 42.4606 -29.3295
-11.9789 41.6157 -27.9387
-12.1094 40.3657 -27.0723
-12.0179 39.0611 -26.9598
-11.7632 38.0288 -27.6325
-11.3589 37.5522 -28.9104
-10.8840 37.7677 -30.4520
-16.3555 35.7436 -32.3259
-16.7024 36.8082 -33.1900
-17.1431 37.9884 -33.2782
-17.5521 38.9580 -32.5680
-17.7734 39.4565 -31.2511
-17.8504 39.3755 -29.6786
-17.7471 38.7373 -28.2722
-17.4736 37.7053 -27.4087
-17.0376 36.5437 -27.3205
-16.6085 35.5525 -28.0298
-16.2722 35.0117 -29.3480
-16.1914 35.0832 -30.9196
-20.8901 32.5658 -31.8727
-21.7755 33.4176 -32.6460
-22.6794 34.4467 -32.6507
-23.3027 35.3610 -31.8862
-23.4937 35.9417 -30.5581
-23.2089 36.0409 -29.0216
-22.5872 35.6440 -27.6863
-21.7213 34.8308 -26.9135
-20.9157 33.8145 -26.9071
-20.2836 32.8534 -27.6721
-20.0397 32.2355 -29.0006
-20.2526 32.1244 -30.5388
-24.1294 29.2614 -30.6900
-25.3511 29.9267 -31.3209
-26.5450 30.8155 -31.2103
-27.3281 31.7119 -30.3868
-27.4883 32.3876 -29.0723
-26.9581 32.6711 -27.6201
-25.9692 32.4913 -26.4159
-24.7677 31.8622 -25.7865
-23.6841 30.9604 -25.8964
-22.9700 30.0104 -26.7193
-22.7887 29.2955 -28.0332
-23.1930 29.0257 -29.4870
-26.2933 25.9520 -28.9558
-27.7195 26.4732 -29.4238
-29.0741 27.2816 -29.1901
-29.9391 28.1826 -28.3169
-30.0384 28.9564 -27.0388
-29.3773 29.4057 -25.6973
-28.1616 29.3942 -24.6532
-26.7692 28.9050 -24.1858
-25.5515 28.0643 -24.4194
-24.7787 27.0985 -25.2921
-24.6389 26.2951 -26.5705
-25.1751 25.8871 -27.9107
-27.6258 22.7346 -26.8111
-29.1751 23.1566 -27.1227
-30.5997 23.9300 -26.7784
-31.4864 24.8688 -25.8722
-31.5544 25.7367 -24.6454
-30.7976 26.3175 -23.4282
-29.4732 26.4300 -22.5464
-27.9702 26.0211 -22.2362
-26.6776 25.2028 -22.5799
-25.8895 24.2032 -23.4866
-25.7820 23.3194 -24.7125
-26.4008 22.7874 -25.9290
-28.3633 19.6619 -24.3736
-29.9643 20.0304 -24.5476
-31.4254 20.8002 -24.1165
-32.3092 21.7850 -23.1950
-32.3441 22.7492 -22.0296
-31.5318 23.4310 -20.9342
-30.1426 23.6166 -20.2021
-28.5892 23.2526 -20.0291
-27.2637 22.4261 -20.4618
-26.4736 21.3787 -21.3839
-26.3963 20.4196 -22.5475
-27.0747 19.7974 -23.6413
-28.6910 16.7747 -21.7336
-30.3209 17.1160 -21.7979
-31.7960 17.9009 -21.3035
-32.6647 18.9412 -20.3828
-32.6569 19.9794 -19.2821
-31.8119 20.7351 -18.2978
-30.3883 20.9694 -17.6942
-28.8066 20.6137 -17.6333
-27.4662 19.7701 -18.1294
-26.6774 18.6767 -19.0498
-26.6374 17.6539 -20.1478
-27.3539 16.9590 -21.1304
-28.7622 14.0678 -18.9627
-30.4008 14.4012 -18.9417
-31.8598 15.2123 -18.4059
-32.7133 16.3060 -17.4968
-32.6852 17.4117 -16.4583
-31.8083 18.2147 -15.5704
-30.3699 18.4819 -15.0716
-28.7769 18.1246 -15.0962
-27.4358 17.2504 -15.6358
-26.6521 16.1123 -16.5445
-26.6317 15.0341 -17.5795
-27.3910 14.2918 -18.4642
-28.6656 11.5403 -16.1122
-30.3057 11.8702 -16.0290
-31.7619 12.7094 -15.4673
-32.5843 13.8535 -14.5753
-32.5283 15.0075 -13.5923
-31.6495 15.8504 -12.7834
-30.2002 16.1344 -12.3671
-28.5909 15.7708 -12.4545
-27.2535 14.8700 -13.0202
-26.4874 13.6941 -13.9118
-26.4985 12.5690 -14.8912
-27.2726 11.7881 -15.6955
-28.4818 9.1705 -13.2171
-30.1166 9.5058 -13.0890
-31.5534 10.3663 -12.5119
-32.3504 11.5495 -11.6383
-32.2917 12.7425 -10.7021
-31.4025 13.6154 -9.9567
-29.9485 13.9106 -9.6032
-28.3525 13.5415 -9.7365
-27.0055 12.6182 -10.3182
-26.2546 11.4101 -11.1919
-26.2723 10.2504 -12.1226
-27.0735 9.4369 -12.8633
-28.2612 6.9365 -10.3022
-29.8929 7.2739 -10.1419
-31.3088 8.1560 -9.5556
-32.0871 9.3671 -8.6979
-32.0326 10.5906 -7.7988
-31.1374 11.4846 -7.1017
-29.6810 11.7874 -6.7954
-28.0846 11.4151 -6.9612
-26.7410 10.4759 -7.5530
-25.9836 9.2453 -8.4102
-26.0211 8.0556 -9.3037
-26.8414 7.2185 -9.9956
-28.0021 4.8087 -7.3822
-29.6438 5.1492 -7.1973
-31.0483 6.0450 -6.6036
-31.8134 7.2746 -5.7576
-31.7508 8.5204 -4.8860
-30.8553 9.4309 -4.2251
-29.4136 9.7421 -3.9539
-27.8155 9.3678 -4.1451
-26.4712 8.4207 -4.7450
-25.7217 7.1712 -5.5909
-25.7546 5.9611 -6.4563
-26.5917 5.1038 -7.1110
-27.7549 2.7622 -4.4666
-29.3774 3.1015 -4.2613
-30.7715 4.0046 -3.6596
-31.5425 5.2509 -2.8195
-31.4781 6.5099 -1.9663
-30.5859 7.4299 -1.3313
-29.1440 7.7477 -1.0870
-27.5435 7.3739 -1.2988
-26.1957 6.4242 -1.9071
-25.4478 5.1650 -2.7474
-25.5058 3.9406 -3.5945
-26.3393 3.0658 -4.2229
-27.4932 0.7658 -1.5615
-29.1122 1.1036 -1.3365
-30.4985 2.0117 -0.7229
-31.2683 3.2642 0.1181
-31.2055 4.5294 0.9613
-30.3302 5.4545 1.5780
-28.8902 5.7755 1.8001
-27.2874 5.4056 1.5686
-25.9351 4.4543 0.9475
-25.1826 3.1930 0.1058
-25.2281 1.9609 -0.7308
-26.0693 1.0786 -1.3399
-27.2341 -1.2078 1.3278
-28.8495 -0.8718 1.5750
-30.2182 0.0358 2.2066
-30.9846 1.2885 3.0567
-30.9202 2.5533 3.8980
-30.0510 3.4768 4.5021
-28.6139 3.7991 4.7043
-27.0042 3.4316 4.4502
-25.6461 2.4870 3.8110
-24.9055 1.2285 2.9595
-24.9592 -0.0058 2.1249
-25.8071 -0.8932 1.5287
-26.9341 -3.1874 4.1981
-28.5508 -2.8530 4.4727
-29.9125 -1.9476 5.1301
-30.6742 -0.7009 5.9977
-30.6017 0.5541 6.8442
-29.7379 1.4696 7.4389
-28.3126 1.7866 7.6197
-26.7006 1.4235 7.3384
-25.3479 0.4843 6.6721
-24.5910 -0.7657 5.8028
-24.6496 -1.9931 4.9636
-25.5044 -2.8741 4.3775
-26.6049 -5.2028 7.0435
-28.2065 -4.8679 7.3545
-29.5567 -3.9684 8.0486
-30.3149 -2.7344 8.9432
-30.2399 -1.4962 9.7999
-29.3722 -0.5984 10.3859
-27.9406 -0.2898 10.5410
-26.3365 -0.6544 10.2230
-24.9772 -1.5794 9.5202
-24.2392 -2.8148 8.6232
-24.3014 -4.0262 7.7735
-25.1718 -4.8969 7.1966
-26.2183 -7.2834 9.8568
-27.8103 -6.9449 10.2161
-29.1478 -6.0540 10.9590
-29.8731 -4.8411 11.8908
-29.7872 -3.6296 12.7621
-28.9230 -2.7586 13.3368
-27.4858 -2.4686 13.4576
-25.8779 -2.8302 13.0914
-24.5251 -3.7428 12.3392
-23.7940 -4.9558 11.4051
-23.8891 -6.1399 10.5406
-24.7752 -6.9902 9.9753
-25.7400 -9.4564 12.6270
-27.3215 -9.1137 13.0510
-28.6343 -8.2382 13.8584
-29.3189 -7.0542 14.8371
-29.2099 -5.8825 15.7252
-28.3278 -5.0462 16.2820
-26.8906 -4.7789 16.3550
-25.2840 -5.1413 15.9239
-23.9425 -6.0360 15.1069
-23.2479 -7.2095 14.1260
-23.3750 -8.3606 13.2448
-24.2999 -9.1817 12.6971
-25.1664 -11.7497 15.3381
-26.7275 -11.4077 15.8467
-27.9907 -10.5530 16.7351
-28.6243 -9.4103 17.7692
-28.4838 -8.2918 18.6727
-27.5659 -7.4995 19.2006
-26.1119 -7.2552 19.2080
-24.5150 -7.6165 18.6922
-23.2172 -8.4822 17.7941
-22.5635 -9.6151 16.7575
-22.7406 -10.7184 15.8614
-23.7006 -11.4974 15.3432
-24.4588 -14.1913 17.9673
-25.9966 -13.8571 18.5835
-27.1905 -13.0357 19.5697
-27.7489 -11.9513 20.6662
-27.5345 -10.8965 21.5793
-26.5774 -10.1609 22.0611
-25.1156 -9.9342 21.9795
-23.5326 -10.2844 21.3557
-22.2854 -11.1039 20.3601
-21.7142 -12.1793 19.2614
-21.9780 -13.2251 18.3559
-22.9839 -13.9608 17.8836
-23.6151 -16.8070 20.4797
-25.0917 -16.4996 21.2282
-26.1886 -15.7338 22.3281
-26.6459 -14.7256 23.4887
-26.3370 -13.7441 24.3997
-25.3140 -13.0545 24.8137
-23.8392 -12.8422 24.6163
-22.2980 -13.1565 23.8609
-21.1372 -13.9201 22.7516
-20.6636 -14.9174 21.5898
-21.0383 -15.8919 20.6868
-22.1257 -16.5845 20.2818
-22.5690 -19.6204 22.8264
-23.9656 -19.3662 23.7277
-24.9364 -18.6897 24.9513
-25.2676 -17.7833 26.1725
-24.8365 -16.8756 27.0646
-23.7428 -16.2252 27.3854
-22.2798 -15.9911 27.0449
-20.8109 -16.2423 26.1361
-19.7574 -16.9078 24.9041
-19.4355 -17.8139 23.6827
-19.9385 -18.7193 22.7984
-21.0911 -19.3827 22.4861
-21.3071 -22.6341 24.9293
-22.5968 -22.4885 25.9956
-23.4040 -21.9448 27.3445
-23.5653 -21.1527 28.6150
-23.0082 -20.3234 29.4685
-21.8748 -19.6802 29.6718
-20.3944 -19.3779 29.1698
-19.0400 -19.5167 28.0956
-18.1360 -20.0528 26.7405
-17.9982 -20.8474 25.4697
-18.6493 -21.6921 24.6232
-19.8635 -22.3450 24.4266
-19.8147 -25.8664 26.6748
-20.9533 -25.8888 27.9025
-21.5827 -25.5151 29.3624
-21.5389 -24.8517 30.6667
-20.8445 -24.0804 31.4630
-19.6454 -23.3965 31.5373
-18.2310 -22.9740 30.8670
-16.9929 -22.9340 29.6348
-16.3034 -23.3002 28.1692
-16.3649 -23.9738 26.8672
-17.1513 -24.7628 26.0768
-18.4212 -25.4549 26.0069
-18.0563 -29.2789 27.9075
-19.0312 -29.5294 29.2655
-19.4423 -29.3667 30.8071
-19.1914 -28.8451 32.1193
-18.3601 -28.0984 32.8506
-17.0905 -27.3080 32.8041
-15.7570 -26.7017 31.9901
-14.6956 -26.4358 30.6286
-14.2341 -26.5892 29.0859
-14.5094 -27.1294 27.7741
-15.4421 -27.8971 27.0464
-16.7464 -28.6849 27.0960
-16.0395 -32.7911 28.4267
-16.8354 -33.3099 29.8517
-17.0047 -33.3822 31.4219
-16.5292 -32.9970 32.7154
-15.5136 -32.2372 33.3871
-14.2140 -31.3099 33.2548
-12.9571 -30.4501 32.3560
-12.1083 -29.9102 30.9299
-11.9149 -29.8396 29.3599
-12.4189 -30.2538 28.0649
-13.4950 -31.0341 27.3951
-14.8188 -31.9600 27.5273
-13.9060 -36.2682 27.9817
-14.5596 -37.0637 29.3760
-14.4738 -37.3629 30.9048
-13.6969 -37.0760 32.1596
-12.4362 -36.2820 32.7980
-11.0224 -35.1806 32.6485
-9.8570 -34.0752 31.7530
-9.2253 -33.2627 30.3516
-9.3077 -32.9709 28.8234
-10.0628 -33.2764 27.5762
-11.3003 -34.0873 26.9433
-12.7078 -35.1861 27.0907
-11.6889 -39.4901 26.3439
-12.1638 -40.5148 27.6212
-11.7982 -40.9845 29.0438
-10.7282 -40.7701 30.2303
-9.2024 -39.9201 30.8588
-7.6916 -38.6607 30.7599
-6.5695 -37.3387 29.9599
-6.1275 -36.3053 28.6787
-6.4758 -35.8474 27.2588
-7.5223 -36.0817 26.0798
-8.9823 -36.9407 25.4542
-10.5115 -38.1890 25.5506
-9.4462 -42.1827 23.3420
-9.7543 -43.3515 24.4441
-9.1054 -43.9144 25.7222
-7.7064 -43.7216 26.8288
-5.9218 -42.8134 27.4644
-4.2781 -41.4338 27.4587
-3.2108 -39.9621 26.8169
-2.9590 -38.7949 25.7138
-3.5554 -38.2437 24.4431
-4.8839 -38.4500 23.3453
-6.5688 -39.3572 22.7094
-8.2671 -40.7219 22.7089
-7.3640 -44.0178 18.8817
-7.6633 -45.2470 19.7831
-6.7268 -45.8335 20.8961
-5.0033 -45.6124 21.9209
-2.9634 -44.6469 22.5806
-1.1135 -43.1939 22.6962
0.0326 -41.6521 22.2406
0.1631 -40.4361 21.3432
-0.6285 -39.8672 20.2365
-2.1941 -40.0892 19.2184
-4.1624 -41.0455 18.5593
-6.0979 -42.4799 18.4362
-5.3848 -44.7383 13.0081
-5.7314 -45.9575 13.7002
-4.8081 -46.5040 14.6494
-2.8181 -46.2283 15.5989
-0.4259 -45.2052 16.2923
1.7053 -43.7163 16.5447
2.9873 -42.1656 16.2917
3.1545 -40.9711 15.6036
2.2259 -40.4398 14.6624
0.4710 -40.7099 13.7177
-1.7384 -41.7108 13.0210
-3.8214 -43.1830 12.7585
-2.7043 -44.1806 5.9755
-3.1288 -45.3415 6.4543
-2.2122 -45.8127 7.2457
-0.1731 -45.4576 8.1327
2.3451 -44.3790 8.8802
4.7160 -42.8806 9.2834
6.1800 -41.3684 9.2389
6.4181 -40.2430 8.7595
5.4762 -39.7911 7.9734
3.6282 -40.1259 7.0884
1.2743 -41.1701 6.3416
-1.0442 -42.6515 5.9336
1.6642 -42.2899 -1.7207
1.1768 -43.3587 -1.4484
2.0809 -43.7136 -0.8063
4.0940 -43.2647 0.0356
6.6907 -42.1422 0.8487
9.0434 -40.6540 1.4180
10.4679 -39.2187 1.5881
10.6632 -38.2033 1.3153
9.6438 -37.8600 0.6746
7.7964 -38.2791 -0.1656
5.4906 -39.3595 -0.9787
3.2585 -40.8243 -1.5488
8.0561 -39.0938 -9.4240
7.7797 -40.0092 -9.3587
8.7593 -40.2233 -8.8544
10.6317 -39.6582 -8.0404
12.9430 -38.4930 -7.1386
15.0474 -37.0668 -6.3955
16.0845 -35.7646 -6.0054
16.0318 -34.9041 -6.0727
14.9005 -34.7048 -6.5769
13.1855 -35.2169 -7.3865
11.1837 -36.3197 -8.2843
9.3428 -37.7301 -9.0301
15.4206 -34.7513 -16.4657
15.6208 -35.4664 -16.6113
16.7425 -35.4950 -16.2383
18.5104 -34.8152 -15.4444
20.4232 -33.6478 -14.4471
21.8263 -32.3132 -13.5129
22.2249 -31.1975 -12.8963
21.7101 -30.5651 -12.7595
20.4493 -30.5445 -13.1313
18.8393 -31.1515 -13.9151
17.2980 -32.2503 -14.9061
16.0585 -33.5618 -15.8401
22.2705 -29.6484 -22.3434
23.0622 -30.1109 -22.6978
24.4228 -29.9295 -22.4554
25.9548 -29.1634 -21.6835
27.3066 -28.0587 -20.5962
27.9588 -26.8963 -19.4816
27.7873 -26.0013 -18.6405
26.8357 -25.6165 -18.2995
25.4550 -25.7988 -18.5417
23.9604 -26.4848 -19.2996
22.8240 -27.5330 -20.3773
22.1896 -28.6924 -21.4919
27.3410 -24.2563 -26.8327
28.6338 -24.4396 -27.3833
30.1727 -24.0633 -27.2671
31.5564 -23.2742 -26.5229
32.3936 -22.2837 -25.3506
32.4484 -21.3584 -24.0647
31.7335 -20.7450 -23.0094
30.3912 -20.6032 -22.4668
28.8383 -20.9707 -22.5818
27.4944 -21.7134 -23.3172
26.7096 -22.6678 -24.4824
26.6715 -23.5989 -25.7692
29.8878 -19.0245 -29.8943
31.4467 -18.9037 -30.6088
33.0635 -18.3157 -30.5921
34.2766 -17.4993 -29.8608
34.7885 -16.6552 -28.6084
34.4511 -16.0076 -27.1723
33.3687 -15.7286 -25.9363
31.8332 -15.8916 -25.2308
30.2365 -16.4529 -25.2436
29.0158 -17.2395 -25.9682
28.4913 -18.0356 -27.2101
28.8028 -18.6896 -28.6472
29.9589 -14.1543 -31.6201
31.5367 -13.7353 -32.4344
33.0933 -12.9905 -32.4752
34.1743 -12.1488 -31.7356
34.5143 -11.4734 -30.4195
34.0436 -11.1450 -28.8817
32.9071 -11.2297 -27.5309
31.3644 -11.7164 -26.7287
29.8287 -12.4586 -26.6882
28.7072 -13.2269 -27.4153
28.3079 -13.8532 -28.7212
28.7612 -14.1885 -30.2594
28.1405 -9.7810 -32.2003
29.5409 -9.0757 -33.0216
30.9198 -8.2170 -33.0559
31.9051 -7.4129 -32.2903
32.2225 -6.9216 -30.9361
31.8717 -6.8984 -29.3606
30.8999 -7.3456 -27.9850
29.5369 -8.1146 -27.1733
28.1656 -8.9839 -27.1412
27.1196 -9.7159 -27.8958
26.7291 -10.1318 -29.2375
27.0900 -10.1497 -30.8119
25.1682 -5.8616 -31.8378
26.2701 -4.9471 -32.5842
27.4553 -4.0248 -32.5510
28.3778 -3.3329 -31.7456
28.8499 -3.0515 -30.3838
28.7090 -3.3130 -28.8375
27.9965 -4.0453 -27.5208
26.9017 -5.0212 -26.7829
25.6957 -5.9633 -26.8185
24.6934 -6.6191 -27.6180
24.2358 -6.8147 -28.9680
24.4148 -6.5332 -30.5121
21.6043 -2.3559 -30.7343
22.4640 -1.3083 -31.3504
23.4820 -0.3863 -31.2135
24.4020 0.1946 -30.3562
25.0325 0.2357 -29.0158
25.1428 -0.2752 -27.5497
24.7322 -1.2276 -26.3549
23.8408 -2.3393 -25.7469
22.7672 -3.2941 -25.8867
21.7965 -3.8363 -26.7376
21.1995 -3.8139 -28.0701
21.1177 -3.2707 -29.5327
17.8830 0.7762 -29.0657
18.5665 1.9039 -29.5260
19.5262 2.7893 -29.2739
20.5206 3.2141 -28.3752
21.2827 3.0552 -27.0723
21.6004 2.3341 -25.7162
21.3928 1.2097 -24.6755
20.6927 0.0241 -24.2220
19.6810 -0.9078 -24.4784
18.6510 -1.3033 -25.3717
17.9163 -1.0744 -26.6654
17.6645 -0.3105 -28.0181
14.2894 3.5922 -26.9733
14.8827 4.7498 -27.2806
15.8484 5.5677 -26.9231
16.9463 5.8430 -25.9955
17.8237 5.4942 -24.7473
18.3253 4.5834 -23.5175
18.2131 3.3474 -22.6343
17.5830 2.1238 -22.3349
16.5824 1.2682 -22.6947
15.5134 1.0203 -23.6174
14.6454 1.4354 -24.8573
14.2071 2.3824 -26.0853
10.9887 6.1150 -24.5764
11.5631 7.2700 -24.7502
12.5957 8.0038 -24.3090
13.7614 8.1358 -23.3697
14.7680 7.6154 -22.1871
15.3184 6.5685 -21.0779
15.2871 5.2553 -20.3430
14.6613 4.0344 -20.1766
13.6183 3.2642 -20.6197
12.4649 3.1599 -21.5534
11.4961 3.7384 -22.7297
10.9565 4.8252 -23.8359
8.0214 8.3700 -21.9684
8.6686 9.5082 -22.0344
9.7572 10.1576 -21.5325
11.0153 10.1610 -20.5970
12.0569 9.5090 -19.4802
12.6422 8.3478 -18.4846
12.5837 6.9842 -17.8768
11.9438 5.7867 -17.8189
10.8488 5.1009 -18.3221
9.6390 5.1243 -19.2521
8.5914 5.8358 -20.3611
7.9904 7.0314 -21.3556
5.4234 10.3850 -19.2224
6.1405 11.4990 -19.2047
7.3148 12.0768 -18.6628
8.6086 11.9765 -17.7411
9.6884 11.2139 -16.6884
10.2539 9.9747 -15.7900
10.1688 8.5741 -15.2872
9.4542 7.4042 -15.3117
8.3141 6.7957 -15.8547
7.0297 6.9233 -16.7705
5.9482 7.7420 -17.8160
5.3465 9.0141 -18.7134
3.1385 12.1835 -16.3910
3.9347 13.2790 -16.3122
5.1888 13.7988 -15.7459
6.5260 13.6155 -14.8434
7.6026 12.7715 -13.8482
8.1334 11.4704 -13.0300
7.9842 10.0506 -12.6085
7.2115 8.9049 -12.6939
6.0261 8.3578 -13.2610
4.7003 8.5648 -14.1577
3.6013 9.4622 -15.1460
3.0176 10.7913 -15.9634
1.1321 13.7963 -13.5110
2.0068 14.8767 -13.3884
3.3188 15.3552 -12.8084
4.6953 15.1109 -11.9254
5.7540 14.2059 -10.9794
6.2264 12.8603 -10.2247
6.0102 11.4264 -9.8655
5.1779 10.2982 -9.9946
3.9332 9.7956 -10.5754
2.5919 10.0599 -11.4520
1.4900 11.0139 -12.3919
0.9545 12.3840 -13.1455
-0.6472 15.2429 -10.6081
0.3022 16.3170 -10.4542
1.6571 16.7676 -9.8663
3.0380 16.4826 -9.0009
4.0626 15.5353 -8.0926
4.4812 14.1580 -7.3870
4.2112 12.7146 -7.0737
3.3216 11.5969 -7.2340
2.0286 11.1237 -7.8226
0.6635 11.4263 -8.6820
-0.4143 12.4187 -9.5840
-0.9109 13.8171 -10.2890
-2.2656 16.5539 -7.6975
-1.2555 17.6259 -7.5201
0.1458 18.0596 -6.9257
1.5247 17.7517 -6.0737
2.5107 16.7740 -5.1939
2.8641 15.3746 -4.5250
2.5252 13.9193 -4.2458
1.5824 12.8071 -4.4295
0.2702 12.3494 -5.0242
-1.1045 12.6799 -5.8709
-2.1546 13.6968 -6.7443
-2.5934 15.1161 -7.4129
-3.7704 17.7457 -4.7888
-2.6990 18.8220 -4.5918
-1.2714 19.2529 -3.9904
0.0927 18.9287 -3.1458
1.0344 17.9315 -2.2856
1.3315 16.5139 -1.6429
0.9288 15.0488 -1.3903
-0.0597 13.9373 -1.5933
-1.4025 13.4880 -2.1953
-2.7613 13.8316 -3.0347
-3.7860 14.8636 -3.8890
-4.1646 16.2973 -4.5310
-5.2104 18.8470 -1.8898
-4.0928 19.9289 -1.6742
-2.6443 20.3586 -1.0623
-1.2917 20.0265 -0.2173
-0.3997 19.0161 0.6327
-0.1697 17.5850 1.2573
-0.6323 16.1122 1.4890
-1.6629 14.9965 1.2675
-3.0159 14.5532 0.6547
-4.3674 14.9001 -0.1858
-5.3476 15.9413 -1.0299
-5.6697 17.3894 -1.6534
-6.6305 19.8726 0.9956
-5.4714 20.9604 1.2321
-4.0067 21.3903 1.8608
-2.6803 21.0520 2.7139
-1.8477 20.0312 3.5612
-1.6813 18.5895 4.1732
-2.2011 17.1099 4.3857
-3.2700 15.9920 4.1434
-4.6320 15.5476 3.5136
-5.9576 15.9029 2.6652
-6.8903 16.9505 1.8233
-7.1505 18.4067 1.2125
-8.0698 20.8392 3.8620
-6.8696 21.9341 4.1253
-5.4150 22.3617 4.7793
-4.1245 22.0155 5.6492
-3.3396 20.9833 6.5005
-3.2503 19.5314 7.1038
-3.8280 18.0468 7.2960
-4.9271 16.9288 7.0276
-6.2907 16.4896 6.3728
-7.5844 16.8480 5.5069
-8.4608 17.9026 4.6602
-8.6558 19.3665 4.0588
-9.5700 21.7688 6.7054
-8.3373 22.8616 7.0036
-6.8950 23.2818 7.6929
-5.6492 22.9244 8.5894
-4.9344 21.8769 9.4510
-4.9231 20.4147 10.0459
-5.5568 18.9255 10.2136
-6.6828 17.8132 9.9106
-8.0376 17.3823 9.2201
-9.2880 17.7527 8.3274
-10.0988 18.8200 7.4702
-10.2190 20.2868 6.8766
-11.1774 22.6636 9.5176
-9.9239 23.7538 9.8631
-8.4869 24.1564 10.5993
-7.3027 23.7774 11.5317
-6.6843 22.7118 12.4087
-6.7539 21.2342 12.9932
-7.4447 19.7451 13.1282
-8.5886 18.6456 12.7789
-9.9225 18.2335 12.0407
-11.1163 18.6225 11.1114
-11.8481 19.7074 10.2393
-11.8799 21.1850 9.6557
-12.9210 23.5471 12.2872
-11.6350 24.6155 12.6948
-10.2515 24.9920 13.4954
-9.1645 24.5806 14.4752
-8.6425 23.4845 15.3693
-8.7995 21.9948 15.9376
-9.5467 20.5036 16.0263
-10.6977 19.4263 15.6140
-11.9856 19.0472 14.8120
-13.1045 19.4671 13.8352
-13.7426 20.5741 12.9451
-13.6842 22.0661 12.3782
-14.8201 24.4121 14.9976
-13.5673 25.4526 15.4892
-12.2443 25.7864 16.3701
-11.2567 25.3309 17.4055
-10.8682 24.1907 18.3159
-11.1035 22.6835 18.8567
-11.9115 21.2067 18.8830
-13.0552 20.1585 18.3877
-14.2739 19.8227 17.5049
-15.2861 20.2921 16.4722
-15.8152 21.4311 15.5652
-15.6581 22.9369 15.0252
-16.9610 25.2594 17.6276
-15.7143 26.2597 18.2245
-14.4936 26.5408 19.2027
-13.6567 26.0203 20.3008
-13.3970 24.8361 21.2227
-13.7415 23.3076 21.7205
-14.5868 21.8443 21.6614
-15.6832 20.8445 21.0608
-16.8191 20.5667 20.0811
-17.6984 21.0906 18.9847
-18.0909 22.2715 18.0659
-17.8298 23.7998 17.5695
-19.3497 26.0733 20.1418
-18.1823 27.0240 20.8701
-17.1083 27.2364 21.9627
-16.4418 26.6374 23.1254
-16.3408 25.4014 24.0488
-16.7660 23.8548 24.4820
-17.5997 22.4152 24.3098
-18.6366 21.4673 23.5787
-19.6360 21.2655 22.4856
-20.3545 21.8621 21.3232
-20.6129 23.0938 20.4041
-20.2463 24.6353 19.9718
-22.0457 26.8256 22.4910
-20.9985 27.7195 23.3714
-20.1155 27.8516 24.5885
-19.6622 27.1666 25.8143
-19.7154 25.8732 26.7224
-20.2212 24.3104 27.0674
-21.0176 22.8961 26.7557
-21.9242 22.0141 25.8727
-22.7340 21.8979 24.6550
-23.2746 22.5725 23.4302
-23.3625 23.8539 22.5248
-22.9209 25.4107 22.1813
-25.1124 27.4742 24.6004
-24.2632 28.3026 25.6451
-23.6220 28.3412 26.9862
-23.3842 27.5817 28.2659
-23.5886 26.2275 29.1404
-24.1152 24.6475 29.3741
-24.8035 23.2769 28.9048
-25.5202 22.4619 27.8575
-26.0856 22.4268 26.5133
-26.4190 23.1737 25.2346
-26.3874 24.5064 24.3633
-25.9118 26.0802 24.1311
-28.5880 27.9267 26.3556
-28.0036 28.6924 27.5607
-27.6807 28.6471 29.0164
-27.6683 27.8163 30.3338
-27.9596 26.4133 31.1579
-28.4522 24.8246 31.2682
-28.9476 23.4896 30.6345
-29.3884 22.7461 29.4268
-29.6891 22.7944 27.9699
-29.8140 23.6066 26.6539
-29.6454 24.9874 25.8319
-29.2029 26.5715 25.7234
-32.4892 28.0890 27.6020
-32.2462 28.7881 28.9376
-32.2475 28.6727 30.4785
-32.4572 27.7724 31.8107
-32.8271 26.3291 32.5774
-33.1690 24.7552 32.5722
-33.4007 23.4534 31.7954
-33.5028 22.7801 30.4571
-33.4961 22.9014 28.9164
-33.3838 23.7820 27.5858
-33.1679 25.1942 26.8217
-32.8383 26.7726 26.8280
-36.7699 27.8253 28.1387
-36.9141 28.4451 29.5420
-37.2698 28.2502 31.1154
-37.6962 27.2869 32.4360
-38.0532 25.8315 33.1495
-38.1941 24.2781 33.0638
-38.0690 23.0455 32.2018
-37.7736 22.4526 30.7959
-37.4497 22.6457 29.2232
-37.1452 23.5829 27.9052
-36.9361 25.0094 27.1939
-36.7862 26.5668 27.2797
-41.3621 26.9352 27.7266
-41.9079 27.4436 29.1066
-42.5787 27.1498 30.6413
-43.1704 26.1359 31.9192
-43.4678 24.6854 32.5966
-43.3377 23.1991 32.4915
-42.8630 22.0641 31.6325
-42.1689 21.5826 30.2510
-41.5223 21.8705 28.7170
-41.0734 22.8542 27.4416
-40.9097 24.2807 26.7658
-41.0143 25.7746 26.8702
-46.0926 25.1766 26.1119
-47.0010 25.5115 27.3688
-47.9215 25.0911 28.7903
-48.5899 24.0303 29.9955
-48.7772 22.6222 30.6607
-48.3876 21.2555 30.6085
-47.5577 20.2812 29.8511
-46.5343 19.9534 28.5922
-45.6463 20.3576 27.1701
-45.1081 21.3900 25.9649
-45.0335 22.7866 25.3007
-45.3914 24.1737 25.3546
-50.7302 22.1715 23.0516
-51.9174 22.2458 24.1013
-52.9954 21.6508 25.3468
-53.6615 20.5627 26.4581
-53.6830 19.2504 27.1348
-53.0390 18.0706 27.1962
-51.9191 17.3470 26.6284
-50.6569 17.2489 25.5770
-49.6149 17.8173 24.3263
-49.0604 18.9045 23.2119
-49.1032 20.2282 22.5353
-49.7219 21.4229 22.4758
-54.9161 17.6487 18.4216
-56.2783 17.4531 19.2315
-57.4138 16.6902 20.2785
-57.9896 15.5622 21.2846
-57.8327 14.3684 21.9828
-56.9535 13.4343 22.1936
-55.6137 12.9799 21.8510
-54.1981 13.1636 21.0496
-53.1045 13.9163 19.9975
-52.6086 15.0531 18.9803
-52.8182 16.2645 18.2749
-53.6569 17.2275 18.0729
-58.1522 11.7300 12.3236
-59.6163 11.2213 12.8820
-60.7155 10.2249 13.7284
-61.1548 9.0851 14.6420
-60.7880 8.0332 15.3781
-59.7131 7.3381 15.7416
-58.2157 7.2037 15.6342
-56.7264 7.6913 15.0871
-55.6517 8.6354 14.2326
-55.2669 9.8406 13.3102
-55.6591 10.9393 12.5677
-56.7110 11.6258 12.2064
-59.8266 4.9509 5.0921
-61.3146 4.0812 5.4038
-62.3409 2.8920 6.0678
-62.6194 1.6446 6.9009
-62.0637 0.6928 7.6841
-60.8345 0.2839 8.2166
-59.2549 0.4757 8.3435
-57.7560 1.2524 8.0317
-56.7449 2.4290 7.3618
-56.4866 3.6998 6.5176
-57.0501 4.7026 5.7290
-58.2674 5.1677 5.2080
-59.4180 -1.7237 -2.7088
-60.8704 -2.8162 -2.6180
-61.7944 -4.2579 -2.1255
-61.9520 -5.5982 -1.3520
-61.2959 -6.5199 -0.5056
-60.0085 -6.7401 0.1910
-58.4231 -6.2855 0.5409
-56.9656 -5.1941 0.4577
-56.0301 -3.7856 -0.0420
-55.8663 -2.4399 -0.8243
-56.5276 -1.4827 -1.6724
-57.8276 -1.2285 -2.3617
-56.8054 -7.2103 -10.3751
-58.1716 -8.4869 -10.5008
-59.0338 -10.0945 -10.1587
-59.1582 -11.5446 -9.4303
-58.5419 -12.4708 -8.5106
-57.3347 -12.6294 -7.6507
-55.8289 -11.9530 -7.0756
-54.4370 -10.6888 -6.9521
-53.5500 -9.1468 -7.3068
-53.3997 -7.7073 -8.0420
-54.0360 -6.7742 -8.9592
-55.2906 -6.5801 -9.8114
-52.4595 -11.1378 -17.2725
-53.6875 -12.5009 -17.6032
-54.5310 -14.1549 -17.3913
-54.7468 -15.6894 -16.6982
-54.2916 -16.6701 -15.7061
-53.2799 -16.7772 -14.6743
-51.9344 -16.0513 -13.8930
-50.6217 -14.6828 -13.5685
-49.7227 -13.0210 -13.7830
-49.5044 -11.5179 -14.4799
-50.0144 -10.5766 -15.4731
-51.1105 -10.4083 -16.4892
-47.0907 -13.5130 -22.9353
-48.1862 -14.8975 -23.4552
-49.0096 -16.6338 -23.3775
-49.4020 -18.1900 -22.7074
-49.2177 -19.1756 -21.6318
-48.4875 -19.3096 -20.4394
-47.3514 -18.5715 -19.4540
-46.1352 -17.1450 -18.9355
-45.2069 -15.4708 -19.0298
-44.8682 -13.9240 -19.6980
-45.1561 -12.9458 -20.7670
-45.9939 -12.7821 -21.9484
-41.4018 -14.7055 -27.1570
-42.2994 -16.0897 -27.8481
-43.1160 -17.7856 -27.8701
-43.6911 -19.3715 -27.2184
-43.8373 -20.3849 -26.0633
-43.4319 -20.5737 -24.7216
-42.5453 -19.8420 -23.5467
-41.4574 -18.4821 -22.8674
-40.5402 -16.7964 -22.8530
-40.0489 -15.2567 -23.5101
-40.0923 -14.2482 -24.6582
-40.6016 -14.0486 -25.9924
-35.8224 -15.1909 -29.9593
-36.4984 -16.4950 -30.7701
-37.2903 -18.1623 -30.8629
-38.0498 -19.7297 -30.2070
-38.5115 -20.7860 -28.9809
-38.4504 -21.0281 -27.5128
-37.8470 -20.3825 -26.1957
-36.9300 -19.0964 -25.3928
-36.0430 -17.4678 -25.3095
-35.4362 -15.9234 -25.9663
-35.2183 -14.8755 -27.1882
-35.3774 -14.6160 -28.6503
-30.6292 -15.4431 -31.4821
-31.0606 -16.6699 -32.3534
-31.7797 -18.2687 -32.4664
-32.6776 -19.8184 -31.7888
-33.4282 -20.8888 -30.5023
-33.7114 -21.1834 -28.9531
-33.4020 -20.6209 -27.5576
-32.7113 -19.3608 -26.6869
-31.9152 -17.7710 -26.5774
-31.2317 -16.2565 -27.2548
-30.7653 -15.2119 -28.5382
-30.5590 -14.9226 -30.0863
-25.9553 -15.7085 -31.9182
-26.1211 -16.9223 -32.7732
-26.7906 -18.5077 -32.8529
-27.7880 -20.0151 -32.1330
-28.7566 -21.0460 -30.8084
-29.3413 -21.3060 -29.2340
-29.3264 -20.7336 -27.8340
-28.8698 -19.4927 -26.9816
-28.1586 -17.9143 -26.9037
-27.4149 -16.4298 -27.6213
-26.7315 -15.4171 -28.9420
-26.2128 -15.1599 -30.5152
-21.7673 -16.0236 -31.4782
-21.7688 -17.3016 -32.2450
-22.3751 -18.8698 -32.2382
-23.4692 -20.3332 -31.4615
-24.5845 -21.2729 -30.1240
-25.3893 -21.4441 -28.5837
-25.6218 -20.7976 -27.2549
-25.3633 -19.5138 -26.4916
-24.7539 -17.9345 -26.4969
-23.9505 -16.4926 -27.2709
-23.0868 -15.5628 -28.6058
-22.2861 -15.3910 -30.1460
-18.0812 -16.3774 -30.3502
-17.9505 -17.7231 -30.9787
-18.5688 -19.3081 -30.8576
-19.6899 -20.6977 -30.0208
-20.9284 -21.5202 -28.6930
-21.9004 -21.5605 -27.2306
-22.3034 -20.8005 -26.0266
-22.1795 -19.4511 -25.4016
-21.6132 -17.8665 -25.5221
-20.7848 -16.4807 -26.3549
-19.7884 -15.6625 -27.6794
-18.7821 -15.6217 -29.1422
-14.8325 -16.7030 -28.6903
-14.6359 -18.1256 -29.1623
-15.2418 -19.7112 -28.9212
-16.4316 -21.0211 -28.0313
-17.7559 -21.7108 -26.7336
-18.7907 -21.5964 -25.3766
-19.3116 -20.7142 -24.3243
-19.2634 -19.2948 -23.8577
-18.7513 -17.7133 -24.0987
-17.8939 -16.4049 -24.9836
-16.7741 -15.7084 -26.2773
-15.6171 -15.8105 -27.6346
-11.9227 -16.9595 -26.6322
-11.7289 -18.4438 -26.9494
-12.3380 -20.0113 -26.5989
-13.5385 -21.2306 -25.6732
-14.9167 -21.7822 -24.4212
-16.0114 -21.5223 -23.1815
-16.5940 -20.5253 -22.2865
-16.6229 -19.0482 -21.9730
-16.1348 -17.4841 -22.3239
-15.2194 -16.2539 -23.2454
-14.0047 -15.6881 -24.4927
-12.7891 -15.9464 -25.7322
-9.3560 -17.0971 -24.2786
-9.1523 -18.6278 -24.4619
-9.7471 -20.1638 -24.0236
-10.9596 -21.3022 -23.0811
-12.3366 -21.7216 -21.8859
-13.4686 -21.3393 -20.7640
-14.1188 -20.2487 -20.0140
-14.1936 -18.7230 -19.8344
-13.7231 -17.1863 -20.2739
-12.7951 -16.0439 -21.2128
-11.5254 -15.5977 -22.4021
-10.2562 -15.9872 -23.5246
-7.0227 -17.0921 -21.7196
-6.8224 -18.6474 -21.7931
-7.4183 -20.1498 -21.2905
-8.6166 -21.2050 -20.3462
-10.0065 -21.5375 -19.2147
-11.1611 -21.0499 -18.1998
-11.8518 -19.8855 -17.5750
-11.9847 -18.3436 -17.5054
-11.5288 -16.8338 -18.0087
-10.5744 -15.7656 -18.9493
-9.2693 -15.4199 -20.0764
-7.9670 -15.9109 -21.0905
-4.9281 -16.9402 -19.0207
-4.6963 -18.5047 -19.0092
-5.2580 -19.9835 -18.4649
-6.4443 -20.9701 -17.5294
-7.8154 -21.2248 -16.4595
-9.0090 -20.6702 -15.5401
-9.7667 -19.4490 -15.0177
-9.9400 -17.8950 -15.0338
-9.5164 -16.4180 -15.5811
-8.5577 -15.4103 -16.5114
-7.2309 -15.1504 -17.5784
-5.8891 -15.7135 -18.4971
-3.0143 -16.6400 -16.2347
-2.7428 -18.1991 -16.1598
-3.2726 -19.6489 -15.5879
-4.4087 -20.5990 -14.6707
-5.7913 -20.8061 -13.6558
-7.0184 -20.2032 -12.8146
-7.8120 -18.9574 -12.3751
-8.0563 -17.4058 -12.4542
-7.6716 -15.9494 -13.0277
-6.7160 -14.9865 -13.9422
-5.3780 -14.7731 -14.9527
-4.0105 -15.3829 -15.7921
-1.2545 -16.1906 -13.3961
-0.9246 -17.7500 -13.2777
-1.4052 -19.1793 -12.6896
-2.5060 -20.1111 -11.7917
-3.8695 -20.2903 -10.8233
-5.1235 -19.6638 -10.0443
-5.9956 -18.4154 -9.6679
-6.3007 -16.8581 -9.7902
-5.9628 -15.4162 -10.3790
-5.0226 -14.4824 -11.2766
-3.6805 -14.3011 -12.2411
-2.2885 -14.9277 -13.0165
0.3850 -15.6177 -10.5294
0.7729 -17.1667 -10.3778
0.3671 -18.5867 -9.7810
-0.6809 -19.5061 -8.8997
-2.0419 -19.6828 -7.9705
-3.3434 -19.0566 -7.2412
-4.2840 -17.8051 -6.9110
-4.6535 -16.2599 -7.0680
-4.3696 -14.8277 -7.6658
-3.4532 -13.9034 -8.5464
-2.1134 -13.7358 -9.4734
-0.6907 -14.3614 -10.1983
1.9129 -14.9367 -7.6522
2.3778 -16.4718 -7.4752
2.0410 -17.8874 -6.8721
1.0417 -18.8111 -6.0044
-0.3080 -18.9923 -5.1038
-1.6471 -18.3799 -4.4127
-2.6536 -17.1399 -4.1187
-3.1016 -15.5987 -4.2991
-2.8696 -14.1771 -4.9053
-1.9906 -13.2537 -5.7731
-0.6514 -13.0783 -6.6705
0.7920 -13.6967 -7.3581
3.3627 -14.1496 -4.7714
3.8915 -15.6691 -4.5732
3.6305 -17.0827 -3.9630
2.6852 -18.0171 -3.1037
1.3446 -18.2176 -2.2248
-0.0293 -17.6273 -1.5629
-1.1023 -16.4007 -1.2961
-1.6247 -14.8717 -1.4971
-1.4512 -13.4531 -2.1111
-0.6057 -12.5230 -2.9713
0.7294 -12.3362 -3.8485
2.1917 -12.9318 -4.5067
4.7371 -13.2687 -1.8971
5.3348 -14.7714 -1.6784
5.1461 -16.1839 -1.0572
4.2511 -17.1312 -0.1993
2.9218 -17.3553 0.6668
1.5144 -16.7916 1.3079
0.3759 -15.5883 1.5513
-0.2194 -14.0734 1.3303
-0.1052 -12.6570 0.7050
0.7198 -11.7168 -0.1546
2.0384 -11.5050 -1.0184
3.5232 -12.0768 -1.6565
6.0470 -12.2998 0.9655
6.7093 -13.7845 1.2072
6.5856 -15.1940 1.8456
5.7425 -16.1540 2.7105
4.4269 -16.4020 3.5718
2.9924 -15.8656 4.1979
1.7944 -14.6869 4.4197
1.1370 -13.1871 4.1762
1.1977 -11.7713 3.5344
1.9801 -10.8223 2.6667
3.2961 -10.5922 1.8062
4.7886 -11.1327 1.1846
7.3206 -11.2392 3.8161
8.0336 -12.7047 4.0857
7.9604 -14.1093 4.7480
7.1623 -15.0785 5.6272
5.8519 -15.3468 6.4892
4.3887 -14.8351 7.1035
3.1393 -13.6799 7.3023
2.4222 -12.1966 7.0314
2.4402 -10.7871 6.3647
3.2075 -9.8321 5.4818
4.5046 -9.5833 4.6201
6.0249 -10.0985 4.0113
8.5403 -10.0854 6.6456
9.2944 -11.5290 6.9520
9.2805 -12.9227 7.6495
8.5038 -13.8935 8.5530
7.1987 -14.1754 9.4225
5.7027 -13.6831 10.0239
4.4019 -12.5499 10.1947
3.6539 -11.0842 9.8872
3.6409 -9.6858 9.1850
4.3886 -8.7320 8.2770
5.7002 -8.4720 7.4085
7.2141 -8.9680 6.8121
9.7409 -8.8277 9.4463
10.5126 -10.2486 9.8031
10.5160 -11.6266 10.5497
9.7628 -12.5845 11.4874
8.4586 -12.8678 12.3679
6.9339 -12.3856 12.9545
5.6023 -11.2690 13.0885
4.8139 -9.8224 12.7319
4.7937 -8.4434 11.9807
5.5377 -7.5015 11.0376
6.8638 -7.2434 10.1571
8.4003 -7.7298 9.5752
10.9112 -7.4518 12.2102
11.6921 -8.8469 12.6328
11.7069 -10.1929 13.4423
10.9432 -11.1301 14.4239
9.6045 -11.3966 15.3170
8.0653 -10.9127 15.8822
6.7098 -9.8096 15.9664
5.9289 -8.3873 15.5451
5.9115 -7.0369 14.7309
6.6804 -6.1211 13.7434
8.0110 -5.8799 12.8496
9.5676 -6.3682 12.2888
12.0596 -5.9341 14.9211
12.8321 -7.2968 15.4294
12.8159 -8.6006 16.3187
12.0306 -9.4946 17.3525
10.6544 -9.7296 18.2570
9.0835 -9.2325 18.7896
7.7349 -8.1366 18.8060
6.9839 -6.7443 18.2994
7.0048 -5.4374 17.4055
7.8134 -4.5659 16.3651
9.1681 -4.3594 15.4593
10.7258 -4.8612 14.9312
13.2034 -4.2421 17.5565
13.9166 -5.5701 18.1723
13.8638 -6.8104 19.1579
13.0072 -7.6409 20.2506
11.6099 -7.8241 21.1601
10.0217 -7.3006 21.6442
8.6905 -6.2088 21.5707
7.9852 -4.8562 20.9569
8.0644 -3.6084 19.9671
8.9261 -2.8077 18.8677
10.3228 -2.6549 17.9555
11.8773 -3.1803 17.4764
14.3284 -2.3360 20.0827
14.9728 -3.6032 20.8314
14.8327 -4.7638 21.9284
13.9250 -5.4942 23.0831
12.4702 -5.6077 23.9871
10.8906 -5.0525 24.3998
9.5891 -3.9806 24.2093
8.9546 -2.6857 23.4635
9.1324 -1.5306 22.3614
10.0700 -0.8184 21.2003
11.4938 -0.7377 20.2933
13.0364 -1.2947 19.8849
15.4378 -0.1668 22.4488
16.0154 -1.3391 23.3519
15.7780 -2.3709 24.5730
14.7585 -2.9956 25.7853
13.2760 -3.0236 26.6670
11.6974 -2.4421 26.9839
10.4721 -1.4068 26.6489
9.9301 -0.2039 25.7495
10.2244 0.8321 24.5247
11.2255 1.4219 23.3051
12.6865 1.4185 22.4192
14.2209 0.8365 22.1062